name: TEsingle_benchmarking
channels:
  - conda-forge
  - bioconda
  - anaconda
  - r
  - defaults
dependencies:
  - _libgcc_mutex=0.1=conda_forge
  - _openmp_mutex=4.5=2_gnu
  - boost-cpp=1.85.0=h44aadfe_2
  - bzip2=1.0.8=hd590300_5
  - c-ares=1.28.1=hd590300_0
  - ca-certificates=2024.7.4=hbcca054_0
  - cython=3.0.10=py312h30efb56_0
  - future=1.0.0=pyhd8ed1ab_0
  - htslib=1.20=h81da01d_0
  - icu=73.2=h59595ed_0
  - intervaltree=3.1.0=pyhd8ed1ab_1
  - keyutils=1.6.1=h166bdaf_0
  - krb5=1.21.2=h659d440_0
  - ld_impl_linux-64=2.40=h55db66e_0
  - libboost=1.85.0=hba137d9_2
  - libboost-devel=1.85.0=h00ab1b0_2
  - libboost-headers=1.85.0=ha770c72_2
  - libcurl=8.7.1=hca28451_0
  - libdeflate=1.20=hd590300_0
  - libedit=3.1.20191231=he28a2e2_2
  - libev=4.33=hd590300_2
  - libexpat=2.6.2=h59595ed_0
  - libffi=3.4.2=h7f98852_5
  - libgcc-ng=13.2.0=hc881cc4_6
  - libgomp=13.2.0=hc881cc4_6
  - libhwloc=2.11.1=default_hecaa2ac_1000
  - libiconv=1.17=hd590300_2
  - libjemalloc=5.3.0=hcb278e6_0
  - libnghttp2=1.58.0=h47da74e_1
  - libnsl=2.0.1=hd590300_0
  - libsqlite=3.45.3=h2797004_0
  - libssh2=1.11.0=h0841786_0
  - libstdcxx-ng=13.2.0=h95c4c6d_6
  - libuuid=2.38.1=h0b41bf4_0
  - libxcrypt=4.4.36=hd590300_1
  - libxml2=2.12.7=hc051c1a_1
  - libzlib=1.2.13=hd590300_5
  - ncurses=6.4.20240210=h59595ed_0
  - openssl=3.3.1=h4bc722e_2
  - packaging=24.1=pyhd8ed1ab_0
  - pip=24.0=pyhd8ed1ab_0
  - python=3.12.3=hab00c5b_0_cpython
  - python_abi=3.12=4_cp312
  - pyyaml=6.0.1=py312h98912ed_1
  - readline=8.2=h8228510_1
  - samtools=1.20=h50ea8bc_0
  - setuptools=69.5.1=pyhd8ed1ab_0
  - sortedcontainers=2.4.0=pyhd8ed1ab_0
  - tbb=2021.12.0=h434a139_3
  - tk=8.6.13=noxft_h4845f30_101
  - wheel=0.43.0=pyhd8ed1ab_1
  - xz=5.2.6=h166bdaf_0
  - yaml=0.2.5=h7f98852_2
  - zstd=1.5.6=ha6fb4c9_0
  - pip:
      - anndata==0.10.7
      - argparse==1.4.0
      - array-api-compat==1.6
      - h5py==3.11.0
      - natsort==8.4.0
      - networkx==3.3
      - numpy==2.0.0rc1
      - pandas==2.2.2
      - pysam==0.22.1
      - python-dateutil==2.9.0.post0
      - pytz==2024.1
      - scipy==1.13.0
      - scte==1.0
      - tesingle==0.1
      - tzdata==2024.1

